# 1                   Mnist  
          training accuracy (loss)  val accuracy (loss)   test accuracy
Model1      0.924 (0.273)            0.921 (0.282)         0.924
Model2      0.977 (0.077)            0.967 (0.110)         0.970
Model3      0.990 (0.030)            0.978 (0.095)         0.976
Model4      0.996 (0.013)            0.983 (0.073)         0.984

Digit 5: 0.874
Digit 2: 0.887
Digit 8: 0.898
Digit 3: 0.907
Digit 7: 0.910
Digit 9: 0.918
Digit 4: 0.922
Digit 6: 0.956
Digit 0: 0.977
Digit 1: 0.982

Digit 7: 0.947
Digit 8: 0.957
Digit 9: 0.958
Digit 5: 0.962
Digit 4: 0.965
Digit 2: 0.967
Digit 6: 0.975
Digit 0: 0.984
Digit 3: 0.984
Digit 1: 0.994

Digit 5: 0.824
Digit 8: 0.846
Digit 2: 0.849
Digit 7: 0.877
Digit 3: 0.883
Digit 9: 0.896
Digit 4: 0.896
Digit 6: 0.949
Digit 0: 0.961
Digit 1: 0.970

Digit 5: 0.824
Digit 8: 0.846
Digit 2: 0.849
Digit 7: 0.877
Digit 3: 0.883
Digit 9: 0.896
Digit 4: 0.896
Digit 6: 0.949
Digit 0: 0.961
Digit 1: 0.970

# 2     Mnist  data=0  data=1  data=2  data=3  data=4  data=5  data=6  data=7  data=8  data=9   Training   validation  Test
size    70000                                                                                    60000       10000     10000
For test data  pred=0  pred=1  pred=2  pred=3  pred=4  pred=5  pred=6  pred=7  pred=8  pred=9   
size           

# 3                    data=0  data=1  data=2  data=3  data=4  data=5  data=6  data=7  data=8  data=9  
Model1 test accuracy
Model2 test accuracy
Model3 test accuracy
Model4 test accuracy

# 4                    pred=0  pred=1  pred=2  pred=3  pred=4  pred=5  pred=6  pred=7  pred=8  pred=9   
Model1 test accuracy
Model2 test accuracy
Model3 test accuracy
Model4 test accuracy

# 5      F1=false set for model 1           size
         F2=false set for model 2           size
         F3=false set for model 3           size
         F4=false set for model 4           size
         F5=F1UF2UF3UF4                     size

# 6                         F5               
Model1 test accuracy
Model2 test accuracy
Model3 test accuracy
Model4 test accuracy   

760
[30, 33, 46, 61, 84, 88, 98, 104, 129, 147, 152, 161, 206, 214, 221, 226, 284, 291, 319, 332, 345, 352, 372, 378, 383, 392, 404, 426, 435, 437, 454, 455, 477, 482, 485, 487, 501, 504, 510, 533, 545, 556, 584, 588, 591, 633, 659, 662, 692, 709, 725, 736, 765, 768, 787, 802, 816, 818, 833, 835, 840, 850, 900, 901, 908, 916, 924, 941, 978, 989, 1030, 1055, 1062, 1067, 1073, 1074, 1078, 1092, 1113, 1116, 1132, 1138, 1140, 1146, 1177, 1179, 1208, 1219, 1220, 1230, 1244, 1274, 1307, 1320, 1321, 1325, 1335, 1339, 1354, 1363, 1391, 1403, 1430, 1441, 1453, 1461, 1468, 1470, 1488, 1489, 1515, 1517, 1521, 1524, 1531, 1541, 1549, 1571, 1576, 1590, 1599, 1603, 1607, 1627, 1632, 1664, 1665, 1678, 1686, 1717, 1768, 1769, 1823, 1831, 1840, 1846, 1847, 1849, 1891, 1901, 1904, 1914, 1950, 1955, 1967, 1977, 1993, 2007, 2014, 2026, 2030, 2039, 2041, 2065, 2079, 2083, 2098, 2112, 2151, 2180, 2181, 2208, 2212, 2238, 2267, 2323, 2377, 2385, 2395, 2425, 2426, 2433, 2444, 2455, 2457, 2470, 2490, 2491, 2527, 2533, 2542, 2544, 2570, 2572, 2601, 2604, 2608, 2621, 2657, 2664, 2676, 2679, 2731, 2734, 2740, 2749, 2757, 2760, 2763, 2773, 2774, 2788, 2796, 2804, 2815, 2817, 2824, 2829, 2834, 2846, 2854, 2856, 2873, 2882, 2891, 2895, 2900, 2913, 2915, 2922, 2942, 2951, 2952, 2981, 2984, 2988, 2991, 2993, 2999, 3013, 3023, 3034, 3047, 3065, 3071, 3072, 3080, 3107, 3119, 3134, 3145, 3156, 3184, 3194, 3216, 3236, 3248, 3275, 3289, 3294, 3307, 3321, 3369, 3372, 3381, 3384, 3394, 3415, 3428, 3429, 3432, 3450, 3468, 3469, 3475, 3478, 3482, 3490, 3524, 3540, 3549, 3557, 3558, 3587, 3614, 3617, 3619, 3630, 3634, 3647, 3652, 3657, 3671, 3673, 3696, 3721, 3727, 3729, 3753, 3755, 3766, 3769, 3783, 3785, 3795, 3796, 3799, 3807, 3810, 3817, 3819, 3839, 3907, 3919, 3926, 3927, 3929, 3933, 3941, 3962, 3979, 3980, 3981, 3982, 3984, 3990, 3993, 4029, 4044, 4045, 4053, 4067, 4077, 4079, 4091, 4107, 4130, 4134, 4144, 4147, 4196, 4201, 4226, 4229, 4258, 4261, 4271, 4272, 4280, 4292, 4312, 4317, 4329, 4334, 4337, 4380, 4381, 4421, 4422, 4437, 4442, 4452, 4473, 4479, 4515, 4521, 4525, 4531, 4533, 4545, 4562, 4592, 4632, 4633, 4644, 4666, 4676, 4685, 4694, 4700, 4709, 4716, 4721, 4731, 4748, 4751, 4780, 4808, 4809, 4829, 4830, 4837, 4840, 4854, 4871, 4877, 4886, 4925, 4947, 4949, 5028, 5032, 5071, 5108, 5114, 5124, 5137, 5141, 5179, 5186, 5190, 5208, 5219, 5226, 5231, 5237, 5247, 5255, 5269, 5273, 5274, 5280, 5284, 5311, 5316, 5329, 5330, 5339, 5364, 5387, 5399, 5406, 5427, 5458, 5459, 5490, 5516, 5523, 5534, 5547, 5548, 5553, 5556, 5570, 5577, 5608, 5679, 5681, 5684, 5686, 5704, 5731, 5736, 5746, 5783, 5796, 5807, 5820, 5826, 5834, 5838, 5846, 5848, 5849, 5864, 5867, 5900, 5915, 5929, 5931, 5935, 5938, 5949, 5953, 5973, 5975, 5989, 5994, 6007, 6023, 6025, 6028, 6037, 6041, 6042, 6046, 6085, 6103, 6172, 6174, 6223, 6249, 6255, 6256, 6267, 6284, 6289, 6310, 6315, 6323, 6339, 6342, 6348, 6356, 6369, 6373, 6377, 6387, 6411, 6415, 6443, 6458, 6468, 6489, 6511, 6516, 6529, 6543, 6562, 6585, 6594, 6601, 6603, 6663, 6665, 6670, 6675, 6681, 6692, 6714, 6756, 6770, 6815, 6818, 6821, 6828, 6832, 6843, 6861, 6880, 6884, 6894, 6897, 6917, 6926, 6954, 6960, 6962, 6963, 6966, 6994, 6995, 7017, 7037, 7040, 7065, 7076, 7103, 7104, 7148, 7152, 7179, 7199, 7201, 7213, 7215, 7216, 7238, 7242, 7243, 7245, 7253, 7254, 7279, 7290, 7300, 7313, 7331, 7359, 7377, 7383, 7399, 7417, 7424, 7427, 7453, 7459, 7460, 7463, 7472, 7483, 7488, 7490, 7499, 7506, 7546, 7567, 7577, 7580, 7589, 7609, 7616, 7622, 7634, 7642, 7647, 7649, 7651, 7698, 7701, 7724, 7760, 7771, 7787, 7797, 7829, 7860, 7868, 7900, 7907, 7913, 7925, 7940, 7956, 7963, 7979, 7980, 7999, 8003, 8017, 8021, 8060, 8062, 8075, 8120, 8169, 8187, 8215, 8219, 8238, 8240, 8241, 8246, 8262, 8271, 8292, 8314, 8338, 8344, 8382, 8407, 8429, 8449, 8460, 8522, 8533, 8548, 8550, 8558, 8608, 8615, 8618, 8627, 8637, 8646, 8652, 8667, 8668, 8674, 8682, 8702, 8708, 8733, 8734, 8745, 8754, 8757, 8766, 8767, 8781, 8792, 8837, 8857, 8876, 8901, 8902, 8943, 8952, 8965, 8973, 8980, 8986, 8988, 9009, 9019, 9028, 9047, 9050, 9058, 9067, 9072, 9104, 9118, 9122, 9147, 9174, 9184, 9186, 9187, 9189, 9215, 9225, 9227, 9233, 9237, 9276, 9284, 9330, 9331, 9360, 9369, 9388, 9390, 9395, 9403, 9433, 9436, 9446, 9457, 9458, 9465, 9470, 9487, 9495, 9508, 9532, 9538, 9539, 9560, 9562, 9564, 9608, 9627, 9629, 9654, 9661, 9668, 9671, 9674, 9725, 9741, 9759, 9789, 9793, 9809, 9812, 9839, 9884, 9898, 9906, 9908, 9913, 9931, 9936, 9954, 9960, 9966, 9972, 9974, 9990]

303
[33, 98, 103, 147, 152, 221, 226, 369, 372, 383, 392, 435, 454, 485, 487, 510, 556, 588, 591, 659, 725, 835, 850, 871, 901, 924, 941, 970, 978, 1113, 1116, 1132, 1138, 1179, 1219, 1274, 1307, 1320, 1321, 1441, 1469, 1489, 1524, 1532, 1541, 1542, 1599, 1632, 1678, 1831, 1840, 1901, 1945, 1967, 2017, 2026, 2030, 2065, 2098, 2180, 2221, 2238, 2373, 2385, 2425, 2426, 2433, 2437, 2455, 2457, 2490, 2491, 2517, 2527, 2572, 2621, 2657, 2679, 2734, 2740, 2749, 2757, 2763, 2765, 2804, 2846, 2870, 2895, 2922, 2951, 2993, 3002, 3013, 3018, 3023, 3086, 3107, 3119, 3145, 3161, 3172, 3184, 3289, 3302, 3369, 3443, 3444, 3450, 3482, 3490, 3524, 3587, 3617, 3619, 3647, 3671, 3721, 3729, 3753, 3755, 3767, 3795, 3807, 3907, 3926, 3933, 3962, 3982, 3984, 3990, 3993, 4029, 4052, 4079, 4091, 4107, 4134, 4144, 4196, 4205, 4226, 4272, 4317, 4421, 4422, 4442, 4460, 4479, 4515, 4531, 4545, 4592, 4633, 4676, 4716, 4748, 4751, 4808, 4830, 4886, 4894, 4947, 4949, 5141, 5208, 5237, 5247, 5269, 5273, 5284, 5329, 5427, 5458, 5534, 5556, 5570, 5608, 5681, 5735, 5746, 5779, 5783, 5796, 5846, 5849, 5864, 5915, 5929, 5935, 5938, 5953, 6037, 6046, 6176, 6249, 6255, 6323, 6348, 6364, 6373, 6387, 6458, 6489, 6511, 6516, 6603, 6663, 6681, 6692, 6714, 6843, 6861, 6897, 6954, 6963, 6966, 6995, 7017, 7037, 7076, 7148, 7152, 7201, 7209, 7215, 7243, 7254, 7300, 7331, 7337, 7359, 7383, 7399, 7427, 7453, 7577, 7609, 7704, 7763, 7829, 7842, 7940, 7963, 7979, 8003, 8075, 8120, 8219, 8240, 8292, 8314, 8338, 8429, 8449, 8533, 8550, 8603, 8618, 8637, 8667, 8669, 8682, 8708, 8734, 8745, 8792, 8838, 8876, 8896, 8973, 8980, 8986, 8988, 9047, 9147, 9186, 9187, 9235, 9256, 9276, 9388, 9395, 9433, 9436, 9467, 9470, 9487, 9495, 9562, 9564, 9608, 9647, 9657, 9661, 9671, 9708, 9735, 9741, 9789, 9812, 9898, 9906, 9960]

163
[33, 61, 98, 164, 221, 291, 485, 510, 533, 588, 639, 659, 720, 725, 768, 850, 871, 901, 941, 970, 1116, 1132, 1138, 1179, 1244, 1441, 1468, 1546, 1571, 1599, 1607, 1764, 1831, 1898, 1918, 1969, 1977, 2026, 2030, 2064, 2065, 2151, 2238, 2267, 2284, 2366, 2385, 2408, 2444, 2451, 2455, 2457, 2491, 2604, 2645, 2679, 2734, 2765, 2788, 2824, 2866, 2891, 2951, 3018, 3023, 3047, 3103, 3135, 3137, 3236, 3369, 3443, 3450, 3518, 3524, 3587, 3614, 3617, 3619, 3647, 3671, 3698, 3721, 3729, 3753, 3795, 3839, 3874, 3907, 3933, 3962, 3982, 3984, 3991, 4029, 4079, 4091, 4107, 4144, 4153, 4226, 4309, 4324, 4404, 4479, 4505, 4525, 4531, 4545, 4592, 4676, 4710, 4723, 4751, 4808, 4840, 4861, 4893, 4894, 4938, 5032, 5208, 5237, 5273, 5334, 5387, 5448, 5548, 5556, 5735, 5746, 5767, 5768, 5779, 5796, 5822, 5864, 5935, 5953, 5955, 6028, 6041, 6076, 6120, 6172, 6174, 6249, 6323, 6348, 6364, 6373, 6387, 6429, 6489, 6511, 6516, 6549, 6585, 6603, 6663, 6780, 6809, 6811, 6818, 6821, 6985, 7009, 7037, 7152, 7176, 7179, 7201, 7215, 7234, 7238, 7254, 7266, 7300, 7337, 7427, 7446, 7453, 7471, 7580, 7609, 7616, 7645, 7660, 7704, 7763, 7829, 7940, 7963, 7979, 8041, 8075, 8079, 8140, 8178, 8238, 8240, 8292, 8314, 8338, 8344, 8449, 8550, 8569, 8618, 8653, 8687, 8708, 8734, 8766, 8837, 8876, 8965, 8973, 8980, 8986, 8988, 9142, 9184, 9186, 9187, 9276, 9284, 9403, 9433, 9436, 9495, 9508, 9538, 9564, 9608, 9627, 9659, 9661, 9726, 9777, 9898, 9906]

120
[30, 33, 221, 291, 372, 501, 510, 533, 633, 659, 725, 850, 901, 942, 970, 1132, 1381, 1441, 1542, 1607, 1764, 1831, 2030, 2064, 2065, 2151, 2238, 2284, 2385, 2455, 2527, 2645, 2679, 2734, 2757, 2765, 2804, 2824, 2891, 2951, 3025, 3047, 3063, 3184, 3315, 3443, 3619, 3721, 3729, 3753, 3795, 3839, 3874, 3909, 3962, 3984, 3990, 4079, 4091, 4107, 4169, 4317, 4393, 4479, 4505, 4531, 4592, 4633, 4676, 4685, 4710, 4751, 4808, 4861, 4894, 5032, 5208, 5237, 5247, 5273, 5282, 5516, 5556, 5608, 5612, 5711, 5746, 5868, 5953, 5955, 6028, 6041, 6076, 6120, 6174, 6249, 6323, 6348, 6489, 6516, 6585, 6603, 6663, 6809, 6811, 6821, 7009, 7037, 7152, 7179, 7201, 7215, 7234, 7239, 7247, 7300, 7446, 7463, 7609, 7660, 7763, 7829, 7836, 7940, 7963, 8075, 8215, 8222, 8240, 8292, 8479, 8548, 8550, 8618, 8687, 8708, 8766, 8876, 8965, 8973, 8980, 8988, 9047, 9184, 9186, 9187, 9215, 9276, 9433, 9495, 9508, 9528, 9562, 9564, 9608, 9627, 9661, 9793, 9898, 9954, 9990]


All 29
[33, 221, 510, 659, 725, 850, 901, 1132, 1441, 1831, 2030, 2065, 2238, 2385, 2455, 2679, 2734, 2951, 3619, 3721, 3729, 3753, 3795, 3962, 3984, 4079, 4091, 4107, 4479]
In 4, not in 3, 2, 1
[942, 1381, 3025, 3063, 3315, 3909, 4169, 4393, 4685, 5282, 5516, 5612, 5711, 5868, 7239, 7247, 7463, 7836, 8215, 8222, 8479, 8548, 9215, 9528, 9793, 9954, 9990]
In 3, not in 4, 2, 1
[164, 639, 720, 1546, 1898, 1918, 1969, 2366, 2408, 2451, 2866, 3103, 3135, 3137, 3518, 3698, 3991, 4153, 4309, 4324, 4404, 4723, 4893, 4938, 5334, 5448, 5767, 5768, 5822, 6429, 6549, 6780, 6985, 7176, 7266, 7471, 7645, 8041, 8079, 8140, 8178, 8569, 8653, 9142, 9659, 9726, 9777]
In 2, not in 1, 3, 4
[103, 369, 1469, 1532, 1945, 2017, 2221, 2373, 2437, 2517, 2870, 3002, 3086, 3161, 3172, 3302, 3444, 3767, 4052, 4205, 4460, 6176, 7209, 7842, 8603, 8669, 8838, 8896, 9235, 9256, 9467, 9647, 9657, 9708, 9735]
In 1, not in 2, 3, 4
[46, 84, 88, 104, 129, 161, 206, 214, 284, 319, 332, 345, 352, 378, 404, 426, 437, 455, 477, 482, 504, 545, 584, 662, 692, 709, 736, 765, 787, 802, 816, 818, 833, 840, 900, 908, 916, 989, 1030, 1055, 1062, 1067, 1073, 1074, 1078, 1092, 1140, 1146, 1177, 1208, 1220, 1230, 1325, 1335, 1339, 1354, 1363, 1391, 1403, 1430, 1453, 1461, 1470, 1488, 1515, 1517, 1521, 1531, 1549, 1576, 1590, 1603, 1627, 1664, 1665, 1686, 1717, 1768, 1769, 1823, 1846, 1847, 1849, 1891, 1904, 1914, 1950, 1955, 1993, 2007, 2014, 2039, 2041, 2079, 2083, 2112, 2181, 2208, 2212, 2323, 2377, 2395, 2470, 2533, 2542, 2544, 2570, 2601, 2608, 2664, 2676, 2731, 2760, 2773, 2774, 2796, 2815, 2817, 2829, 2834, 2854, 2856, 2873, 2882, 2900, 2913, 2915, 2942, 2952, 2981, 2984, 2988, 2991, 2999, 3034, 3065, 3071, 3072, 3080, 3134, 3156, 3194, 3216, 3248, 3275, 3294, 3307, 3321, 3372, 3381, 3384, 3394, 3415, 3428, 3429, 3432, 3468, 3469, 3475, 3478, 3540, 3549, 3557, 3558, 3630, 3634, 3652, 3657, 3673, 3696, 3727, 3766, 3769, 3783, 3785, 3796, 3799, 3810, 3817, 3819, 3919, 3927, 3929, 3941, 3979, 3980, 3981, 4044, 4045, 4053, 4067, 4077, 4130, 4147, 4201, 4229, 4258, 4261, 4271, 4280, 4292, 4312, 4329, 4334, 4337, 4380, 4381, 4437, 4452, 4473, 4521, 4533, 4562, 4632, 4644, 4666, 4694, 4700, 4709, 4721, 4731, 4780, 4809, 4829, 4837, 4854, 4871, 4877, 4925, 5028, 5071, 5108, 5114, 5124, 5137, 5179, 5186, 5190, 5219, 5226, 5231, 5255, 5274, 5280, 5311, 5316, 5330, 5339, 5364, 5399, 5406, 5459, 5490, 5523, 5547, 5553, 5577, 5679, 5684, 5686, 5704, 5731, 5736, 5807, 5820, 5826, 5834, 5838, 5848, 5867, 5900, 5931, 5949, 5973, 5975, 5989, 5994, 6007, 6023, 6025, 6042, 6085, 6103, 6223, 6256, 6267, 6284, 6289, 6310, 6315, 6339, 6342, 6356, 6369, 6377, 6411, 6415, 6443, 6468, 6529, 6543, 6562, 6594, 6601, 6665, 6670, 6675, 6756, 6770, 6815, 6828, 6832, 6880, 6884, 6894, 6917, 6926, 6960, 6962, 6994, 7040, 7065, 7103, 7104, 7199, 7213, 7216, 7242, 7245, 7253, 7279, 7290, 7313, 7377, 7417, 7424, 7459, 7460, 7472, 7483, 7488, 7490, 7499, 7506, 7546, 7567, 7589, 7622, 7634, 7642, 7647, 7649, 7651, 7698, 7701, 7724, 7760, 7771, 7787, 7797, 7860, 7868, 7900, 7907, 7913, 7925, 7956, 7980, 7999, 8017, 8021, 8060, 8062, 8169, 8187, 8241, 8246, 8262, 8271, 8382, 8407, 8460, 8522, 8558, 8608, 8615, 8627, 8646, 8652, 8668, 8674, 8702, 8733, 8754, 8757, 8767, 8781, 8857, 8901, 8902, 8943, 8952, 9009, 9019, 9028, 9050, 9058, 9067, 9072, 9104, 9118, 9122, 9174, 9189, 9225, 9227, 9233, 9237, 9330, 9331, 9360, 9369, 9390, 9446, 9457, 9458, 9465, 9532, 9539, 9560, 9629, 9654, 9668, 9674, 9725, 9759, 9809, 9839, 9884, 9908, 9913, 9931, 9936, 9966, 9972, 9974]        


